30
1 100
1 10000
25 999
31 47
32 47
31 59
1000000 1100000
23456 12323456 
99999 9999999
23455 120000
5000 5000000
89 230000000
87962534 117962534
2534 1179534
121 12323456
5000000 15000000
10000000 40000000
5000 117962534
123456 998877665
1234567 7654321
13579 246810
789456 123456789
345678 87654321
1 50000000
250 199912345
1000000 1000000000
100000000 1000000000
999999000 1000000000
200000000 200001000
1 1000000000



#1 31 94 9
#2 31 9992 1611
#3 31 992 250
#4 -1 -1 0
#5 -1 -1 0
#6 47 55 0
#7 1015808 1099904 1791
#8 23553 12320768 38255
#9 100096 9998336 33682
#10 -1 -1 0
#11 5008 4999168 30128
#12 91 228589568 97969
#13 88080387 117833728 2677
#14 2567 1171456 17294
#15 122 12320768 40943
#16 5001216 14974976 11332
#17 10002432 39993344 22343
#18 5008 117833728 79624
#19 123904 989855744 136293
#20 1236992 7634944 15183
#21 13584 246784 6629
#22 789505 122683392 65806
#23 346113 87556096 67137
#24 31 4999872512 228369
#25 271 3959422976 201290
#26 1015808 9999745024 252857
#27 1006632961 9999745024 125880
#28 -1 -1 0
#29 -1 -1 0
#30 31 9999745024 268360

